67
89
66
64
62
87
73
75
73
83
82
48
77
54
63
71
68
80
92
60
79
68
93
84
74
74
76
56
72
75
79
73
82
74
79
54
101
79
84
85
87
74
77
73
87
85
88
66
78
53
76
67
73
54
73
96
57
76
47
54
73
84
62
89
68
62
79
72
69
55
73
79
72
89
79
85
68
89
73
63
78
65
65
89
85
66
76
74
84
71
49
69
63
66
85
76
84
59
70
65
68
84
75
51
63
69
78
78
52
49
53
59
62
46
68
74
59
76
54
59
48
45
62
63
80
60
71
67
50
86
70
54
69
76
58
58
64
73
49
56
75
48
81
72
61
50
69
65
47
43
55
54
58
34
65
52
32
47
54
63
28
54
59
56
50
30
50
47
47
33
38
35
47
80
86
71
77
67
84
80
70
67
63
70
56
67
70
70
74
73
77
80
66
85
76
78
82
76
71
82
83
79
75
68
64
70
92
74
69
80
63
77
81
82
69
73
66
87
68
69
76
69
81
71
71
75
60
77
85
70
62
69
73
73
74
73
86
83
76
75
64
67
88
48
44
48
62
54
46
60
40
43
41
53
48
71
52
64
48
55
68
46
64
57
45
51
53
60
51
73
38
42
64
58
43
38
54
70
44
62
51
41
53
65
50
55
62
61
38
59
64
57
57
49
64
66
52
43
49
51
58
63
55
50
57
33
46
46
66
55
64
46
66
47
58
61
48
45
62
50
34
64
55
48
60
64
58
37
60
63
59
54
60
51
63
64
64
44
65
66
51
61
52
61
59
57
52
55
59
59
61
46
31
55
53
42
59
50
52
45
65
59
58
64
61
67
59
58
54
57
60
50
57
66
44
62
76
48
46
41
59
52
50
45
52
54
62
62
63
55
60
65
64
57
63
40
57
38
64
59
58
41
58
26
61
56
66
62
56
55
61
58
53
63
59
61
66
65
58
43
55
47
50
46
54
80
83
77
76
64
70
82
58
66
85
66
69
84
79
64
78
53
59
65
61
58
69
60
65
89
74
81
68
68
65
90
66
79
57
76
79
49
92
66
59
76
56
52
65
73
65
84
51
78
53
68
52
72
48
60
61
69
81
56
79
82
58
75
78
57
70
77
56
67
76
89
69
79
80
76
48
61
52
69
41
69
65
45
66
76
76
45
71
52
84
57
68
74
33
68
73
79
72
78
68
52
64
27
29
44
41
45
27
48
56
34
69
56
47
56
60
75
60
47
55
32
23
43
47
44
37
27
69
28
51
57
19
44
49
34
44
62
30
49
36
25
36
21
40
22
36
58
83
69
89
89
66
55
82
73
77
80
79
73
82
85
91
85
86
74
90
87
76
81
59
73
76
85
69
85
85
84
83
67
85
76
87
84
82
93
71
80
88
72
77
56
92
78
71
89
54
66
75
90
66
77
82
65
58
75
88
74
69
83
83
70
64
50
74
69
86
66
70
89
78
69
64
79
92
70
77
78
71
68
61
73
